# Created by Octave 4.0.0, Sun May 01 09:00:58 2016 Eastern Daylight Time <unknown@Jackal_SAMSUNG>
# name: v
# type: matrix
# rows: 1
# columns: 4
 1 2 3 4


